  1    1                2 2.300e-06   1                2 8.000e-07    1                1 1.500e-06    1                2 2.900e-06  101                1 6.000e-07 
  2    2                3 1.300e-06   2                3 8.000e-07    2                2 1.500e-06    2                3 7.000e-07  102                2 7.000e-07 
  3    3                5 1.200e-06   3                5 1.000e-06    3                4 1.600e-06    3                5 8.000e-07  103                4 8.000e-07 
  4    3                5 1.000e-06   3                5 9.000e-07    3                6 1.500e-06    3                8 9.000e-07    3                4 9.000e-07 
  5    4                7 1.400e-06   4                7 9.000e-07    4                8 2.000e-06    4               10 1.000e-06    4                6 9.000e-07 
  6    4                8 1.300e-06   4                8 9.000e-07    4               11 2.000e-06    4               13 1.100e-06    4                6 9.000e-07 
  7    5               10 1.200e-06   5               10 1.000e-06    5               13 2.300e-06    5               16 1.200e-06    5                8 1.000e-06 
  8    5               12 1.800e-06   5               12 1.100e-06    5               16 2.400e-06    5               19 1.300e-06    5                8 8.000e-07 
  9    5               10 1.200e-06   5               10 9.000e-07    5               19 2.300e-06    5               22 1.200e-06    5                6 8.000e-07 
 10    6               13 1.300e-06   6               13 2.600e-06    6               23 4.000e-06    6               26 2.100e-06    6               10 1.000e-06 
 11    6               15 1.800e-06   6               15 1.300e-06    6               26 3.900e-06    6               30 1.700e-06    6               10 1.100e-06 
 12    6               13 1.500e-06   6               13 1.100e-06    6               29 3.100e-06    6               34 1.300e-06    6                8 8.000e-07 
 13    7               17 1.300e-06   7               17 1.100e-06    7               33 3.500e-06    7               38 1.300e-06    7               12 8.000e-07 
 14    7               20 1.300e-06   7               20 1.100e-06    7               37 3.400e-06    7               42 1.300e-06    7               12 8.000e-07 
 15    7               20 1.200e-06   7               20 1.000e-06    7               41 3.700e-06    7               47 1.400e-06    7               10 8.000e-07 
 16    7               16 1.300e-06   7               16 1.400e-06    7               45 3.900e-06    7               52 1.500e-06    7                8 8.000e-07 
 17    8               20 1.700e-06   8               20 1.300e-06    8               49 5.000e-06    8               57 2.200e-06    8               14 1.000e-06 
 18    8               23 1.800e-06   8               23 1.200e-06    8               53 5.400e-06    8               62 2.200e-06    8               14 1.000e-06 
 19    8               24 1.700e-06   8               24 1.400e-06    8               58 5.700e-06    8               67 2.300e-06    8               12 9.000e-07 
 20    8               21 1.600e-06   8               21 1.300e-06    8               63 5.900e-06    8               72 2.600e-06    8               10 9.000e-07 
 21    9               25 1.700e-06   9               25 1.300e-06    9               67 6.300e-06    9               77 2.600e-06    9               16 1.000e-06 
 22    9               29 1.700e-06   9               28 2.300e-06    9               71 8.400e-06    9               81 3.400e-06    9               16 1.200e-06 
 23    9               28 2.100e-06   9               28 1.700e-06    9               74 8.200e-06    9               84 3.000e-06    9               14 1.300e-06 
 24    9               25 1.500e-06   9               25 1.500e-06    9               77 6.000e-06    9               87 2.300e-06    9               12 1.000e-06 
 25    9               19 1.800e-06   9               19 1.300e-06    9               80 6.900e-06    9               90 3.100e-06    9               10 1.000e-06 
 26   10               21 1.700e-06  10               21 1.300e-06   10               83 7.300e-06   10               93 3.100e-06   10               16 1.000e-06 
 27   10               23 1.700e-06  10               23 1.400e-06   10               86 7.400e-06   10               96 2.800e-06   10               14 1.100e-06 
 28   10               21 1.500e-06  10               21 1.300e-06   10               89 7.200e-06   10               99 2.500e-06   10               12 1.620e-05 
 29   11               23 1.500e-06  11               23 1.300e-06   11               92 7.100e-06   11              102 2.800e-06   11               16 1.000e-06 
 30   11               25 1.400e-06  11               25 1.300e-06   11               95 7.000e-06   11              105 2.600e-06   11               15 1.000e-06 
 31   11               23 1.400e-06  11               23 1.200e-06   11               98 6.800e-06   11              108 2.400e-06   11               13 1.100e-06 
 32   12               25 1.600e-06  12               25 1.200e-06   12              101 6.600e-06   12              111 2.400e-06   12               17 1.000e-06 
 33   12               27 1.500e-06  12               27 1.300e-06   12              104 6.600e-06   12              115 2.400e-06   12               16 1.000e-06 
 34   12               25 1.300e-06  12               25 1.100e-06   12              107 6.300e-06   12              119 2.300e-06   12               14 1.000e-06 
 35   13               28 1.300e-06  13               28 1.100e-06   13              111 6.600e-06   13              123 2.500e-06   13               18 1.000e-06 
 36   13               30 1.200e-06  13               30 1.100e-06   13              114 6.400e-06   13              127 2.500e-06   13               18 1.000e-06 
 37   13               28 1.200e-06  13               28 1.100e-06   13              117 6.500e-06   13              131 2.500e-06   13               16 9.000e-07 
 38   14               32 1.200e-06  14               32 1.200e-06   14              121 6.600e-06   14              135 2.600e-06   14               20 9.000e-07 
 39   14               35 1.300e-06  14               35 1.100e-06   14              125 7.300e-06   14              139 2.700e-06   14               20 1.000e-06 
 40   14               34 1.200e-06  14               34 1.200e-06   14              128 7.100e-06   14              143 2.700e-06   14               18 9.000e-07 
 41   14               30 1.200e-06  14               30 1.000e-06   14              132 7.400e-06   14              147 2.700e-06   14               16 1.000e-06 
 42   15               34 1.300e-06  15               34 1.200e-06   15              136 7.700e-06   15              152 2.800e-06   15               22 1.100e-06 
 43   15               37 1.300e-06  15               37 1.200e-06   15              140 7.700e-06   15              157 2.900e-06   15               21 1.000e-06 
 44   15               36 1.300e-06  15               36 1.200e-06   15              143 7.400e-06   15              161 3.000e-06   15               19 1.000e-06 
 45   15               32 1.200e-06  15               32 1.100e-06   15              147 7.700e-06   15              165 3.100e-06   15               17 9.000e-07 
 46   16               36 1.300e-06  16               36 1.100e-06   16              151 8.000e-06   16              169 3.100e-06   16               23 1.000e-06 
 47   16               38 1.300e-06  16               38 1.100e-06   16              154 8.400e-06   16              172 3.200e-06   16               22 9.000e-07 
 48   16               36 1.400e-06  16               36 1.100e-06   16              156 8.000e-06   16              174 3.300e-06   16               20 1.000e-06 
 49   16               32 1.200e-06  16               32 1.100e-06   16              158 8.100e-06   16              176 3.400e-06   16               18 1.000e-06 
 50   17               34 1.300e-06  17               34 2.500e-06   17              160 1.580e-05   17              178 5.100e-06   17               21 1.700e-06 
 55   19               38 2.400e-06  19               38 2.000e-06   19              170 1.650e-05   19              188 4.600e-06   19               21 1.400e-06 
 60   22               44 2.300e-06  22               44 1.900e-06   22              180 1.580e-05   22              198 4.600e-06   22               25 1.500e-06 
 65   24               51 1.900e-06  24               51 1.700e-06   24              192 1.360e-05   24              211 4.400e-06   24               28 1.400e-06 
 70   26               56 1.900e-06  26               56 1.800e-06   26              209 1.370e-05   26              230 4.500e-06   26               32 1.300e-06 
 75   27               62 2.000e-06  27               62 1.800e-06   27              229 1.400e-05   27              254 4.900e-06   27               34 1.200e-06 
 80   28               71 2.100e-06  28               70 2.000e-06   28              253 1.540e-05   28              282 5.200e-06   28               34 1.400e-06 
 85   29               75 2.800e-06  29               74 2.500e-06   29              278 2.040e-05   29              310 7.200e-06   29               36 1.600e-06 
 90   30               69 2.200e-06  30               69 2.300e-06   30              293 1.910e-05   30              325 1.240e-05   30               37 1.500e-06 
 95   32               70 2.500e-06  32               70 2.300e-06   32              303 2.120e-05   32              335 7.500e-06   32               40 1.900e-06 
100   35               76 2.400e-06  35               76 3.300e-06   35              313 2.890e-05   35              345 8.100e-06   35               44 2.300e-06 
110   40               87 3.400e-06  40               87 2.900e-06   40              334 2.980e-05   40              368 8.000e-06   40               50 2.200e-06 
120   43               97 2.800e-06  43               97 2.700e-06   43              370 2.630e-05   43              411 7.600e-06   43               56 2.100e-06 
130   45              108 2.800e-06  45              107 2.700e-06   45              415 2.980e-05   45              461 8.300e-06   45               59 2.100e-06 
140   47              113 2.700e-06  47              112 2.600e-06   47              462 3.650e-05   47              513 1.430e-05   47               61 2.000e-06 
150   49              114 2.700e-06  49              113 2.600e-06   49              503 4.000e-05   49              556 9.500e-06   49               62 2.000e-06 
160   52              112 2.600e-06  52              112 2.500e-06   52              526 4.210e-05   52              579 9.800e-06   52               62 2.100e-06 
170   57              125 2.900e-06  57              125 2.600e-06   57              548 4.330e-05   57              602 1.020e-05   57               69 2.300e-06 
180   60              136 3.000e-06  60              136 2.800e-06   60              585 4.700e-05   60              645 1.120e-05   60               75 2.100e-06 
190   62              150 3.100e-06  62              149 3.100e-06   62              635 5.060e-05   62              703 1.500e-05   62               77 2.200e-06 
200   64              152 3.100e-06  64              151 4.700e-06   64              684 6.920e-05   64              754 1.570e-05   64               81 2.800e-06 
220   71              151 4.200e-06  71              151 3.900e-06   71              735 6.970e-05   71              805 1.510e-05   71               83 3.000e-06 
240   78              168 4.200e-06  78              168 3.700e-06   78              793 6.910e-05   78              873 1.460e-05   78               89 2.800e-06 
260   82              177 3.800e-06  82              177 3.900e-06   82              884 7.630e-05   82              976 2.050e-05   82               93 2.900e-06 
280   89              187 3.900e-06  89              187 3.900e-06   89              935 8.080e-05   89             1027 1.650e-05   89              100 2.900e-06 
300   97              206 4.200e-06  97              206 4.100e-06   97              990 8.390e-05   97             1087 2.000e-05   97              108 2.900e-06 
320  101              211 4.100e-06 101              211 4.200e-06  101             1072 9.400e-05  101             1178 1.850e-05  101              112 3.100e-06 
340  110              230 4.300e-06 110              230 4.300e-06  110             1118 1.237e-04  110             1228 1.930e-05  110              121 3.200e-06 
360  115              246 4.400e-06 115              246 4.600e-06  115             1198 1.060e-04  115             1317 2.310e-05  115              127 3.400e-06 
380  120              257 5.000e-06 120              257 4.900e-06  120             1285 1.164e-04  120             1420 2.330e-05  120              138 3.600e-06 
400  128              271 5.100e-06 128              271 6.400e-06  128             1328 1.362e-04  128             1464 3.180e-05  128              144 2.010e-05 
420  133              298 6.600e-06 133              296 6.700e-06  133             1417 1.477e-04  133             1567 2.680e-05  133              152 4.500e-06 
440  138              292 6.300e-06 138              292 5.900e-06  138             1484 1.453e-04  138             1634 2.650e-05  138              155 4.400e-06 
460  146              308 6.200e-06 146              308 6.400e-06  146             1534 1.652e-04  146             1687 3.400e-05  146              163 4.700e-06 
480  152              330 6.000e-06 152              330 6.200e-06  152             1617 1.630e-04  152             1785 2.800e-05  152              176 4.400e-06 
500  158              334 6.000e-06 158              334 6.100e-06  158             1677 1.573e-04  158             1851 3.120e-05  158              178 4.600e-06 
520  167              356 6.100e-06 167              356 6.200e-06  167             1729 1.622e-04  167             1909 2.950e-05  167              191 4.900e-06 
540  171              385 6.700e-06 171              382 7.200e-06  171             1826 1.756e-04  171             2024 3.220e-05  171              197 4.900e-06 
560  178              375 6.700e-06 178              375 6.800e-06  178             1878 1.870e-04  178             2076 3.550e-05  178              200 5.200e-06 
580  185              394 7.600e-06 185              394 7.900e-06  185             1942 2.367e-04  185             2150 3.780e-05  185              211 5.800e-06 
600  189              412 8.100e-06 189              411 8.200e-06  189             2036 2.116e-04  189             2260 4.290e-05  189              217 5.900e-06 
620  195              409 7.700e-06 195              409 8.100e-06  195             2096 2.303e-04  195             2320 4.030e-05  195              217 5.700e-06 
640  202              432 8.200e-06 202              432 8.400e-06  202             2158 2.255e-04  202             2389 4.150e-05  202              226 5.900e-06 
660  206              433 8.000e-06 206              433 8.400e-06  206             2237 2.509e-04  206             2475 5.050e-05  206              228 6.200e-06 
680  213              447 8.400e-06 213              447 8.500e-06  213             2297 2.453e-04  213             2541 4.380e-05  213              237 6.400e-06 
700  221              470 9.100e-06 221              470 9.200e-06  221             2350 2.564e-04  221             2598 4.610e-05  221              246 6.700e-06 
720  226              478 9.000e-06 226              478 9.600e-06  226             2429 2.697e-04  226             2687 5.640e-05  226              253 6.500e-06 
740  235              500 8.600e-06 235              500 9.100e-06  235             2475 2.616e-04  235             2737 4.180e-05  235              266 6.600e-06 
760  240              514 8.700e-06 240              514 9.000e-06  240             2562 2.879e-04  240             2835 4.480e-05  240              275 1.860e-05 
780  243              514 8.800e-06 243              514 9.000e-06  243             2652 2.937e-04  243             2937 4.470e-05  243              271 6.600e-06 
800  253              537 8.900e-06 253              537 1.050e-05  253             2694 3.698e-04  253             2981 5.060e-05  253              285 7.800e-06 
