  1   1                2 2.100e-06 
  2   2                3 1.100e-06 
  3   3                5 1.100e-06 
  4   3                8 1.100e-06 
  5   4               13 1.200e-06 
  6   4               19 1.400e-06 
  7   5               27 1.300e-06 
  8   5               37 2.100e-06 
  9   5               50 1.700e-06 
 10   6               65 1.900e-06 
 11   6               82 3.600e-06 
 12   6              103 3.500e-06 
 13   7              127 2.900e-06 
 14   7              153 4.700e-06 
 15   7              184 3.700e-06 
 16   7              218 4.000e-06 
 17   8              256 4.000e-06 
 18   8              297 7.400e-06 
 19   8              344 7.100e-06 
 20   8              394 6.000e-06 
 21   9              447 7.500e-06 
 22   9              498 2.020e-05 
 23   9              542 8.800e-06 
 24   9              589 9.600e-06 
 25   9              638 1.020e-05 
 26  10              688 1.050e-05 
 27  10              740 2.450e-05 
 28  10              795 1.170e-05 
 29  11              851 1.190e-05 
 30  11              909 4.720e-05 
 31  11              970 1.290e-05 
 32  12             1032 1.330e-05 
 33  12             1113 2.590e-05 
 34  12             1198 1.270e-05 
 35  13             1285 2.960e-05 
 36  13             1374 4.730e-05 
 37  13             1467 1.610e-05 
 38  14             1563 3.480e-05 
 39  14             1661 1.890e-05 
 40  14             1763 2.090e-05 
 41  14             1868 3.320e-05 
 42  15             1996 1.940e-05 
 43  15             2127 3.390e-05 
 44  15             2241 3.600e-05 
 45  15             2358 3.650e-05 
 46  16             2478 2.420e-05 
 47  16             2572 3.950e-05 
 48  16             2639 2.830e-05 
 49  16             2707 2.890e-05 
 50  17             2776 3.010e-05 
 51  17             2845 4.630e-05 
 52  18             2916 4.510e-05 
 53  18             2987 4.390e-05 
 54  19             3060 4.350e-05 
 55  19             3133 4.330e-05 
 60  22             3516 4.630e-05 
 65  24             4042 5.130e-05 
 70  26             4854 5.810e-05 
 75  27             5936 6.780e-05 
 80  28             7273 7.890e-05 
 85  29             8719 9.270e-05 
 90  30             9591 1.051e-04 
 95  32            10219 1.096e-04 
100  35            10872 1.129e-04 
110  40            12458 1.312e-04 
120  43            15611 1.525e-04 
130  45            19608 1.851e-04 
140  47            24168 2.255e-04 
150  49            28295 2.769e-04 
160  52            30728 3.260e-04 
170  57            33293 3.174e-04 
180  60            38283 3.543e-04 
190  62            45330 4.347e-04 
200  64            51996 4.993e-04 
220  71            59322 5.798e-04 
240  78            69922 6.583e-04 
260  82            87149 8.334e-04 
280  89            96594 9.318e-04 
300  97           108444 1.082e-03 
320 101           127359 1.234e-03 
340 110           138629 1.337e-03 
360 115           159635 1.519e-03 
380 120           185427 1.775e-03 
400 128           197208 1.915e-03 
420 133           225813 2.185e-03 
440 138           245554 2.383e-03 
460 146           261905 2.713e-03 
480 152           293255 2.824e-03 
500 158           315208 3.079e-03 
520 167           335422 3.226e-03 
540 171           376668 3.691e-03 
560 178           396223 3.876e-03 
580 185           425008 4.129e-03 
600 189           469156 4.567e-03 
620 195           494238 4.779e-03 
640 202           524044 5.000e-03 
660 206           562178 5.299e-03 
680 213           592555 5.776e-03 
700 221           619573 6.198e-03 
720 226           662637 6.324e-03 
740 235           687678 6.516e-03 
760 240           737801 7.129e-03 
780 243           791430 7.540e-03 
800 253           815331 7.795e-03 