  1    1                2 4.900e-06 
  2    2                3 5.500e-06 
  3    3                5 5.700e-06 
  4    3                8 6.000e-06 
  5    4               13 6.600e-06 
  6    4               22 7.400e-06 
  7    5               36 8.600e-06 
  8    5               60 1.010e-05 
  9    5              100 1.240e-05 
 10    6              167 1.500e-05 
 11    6              279 2.010e-05 
 12    6              465 2.700e-05 
 13    7              777 3.770e-05 
 14    7             1297 5.610e-05 
 15    7             2165 8.590e-05 
 16    7             3614 1.344e-04 
 17    8             6031 2.147e-04 
 18    8            10065 4.311e-04 
 19    8            16795 6.232e-04 
 20    8            28024 9.919e-04 
 21    9            46758 1.081e-03 
 22    9            78011 1.787e-03 
 23    9           130089 2.952e-03 
 24    9           216968 5.033e-03 
 25    9           359706 8.303e-03 
 26   10           597823 1.375e-02 
 27   10           995046 2.103e-02 
 28   10          1655498 2.834e-02 
 29   10          2757259 4.389e-02 
 30   10          4593012 4.393e-02 
 31   11          7651017 6.612e-02 
 32   11         12747967 1.123e-01 
 33   11         21239691 1.835e-01 
 34   12         35390165 3.126e-01 
 35   12         58969547 5.430e-01 
 36   12         98258424 8.396e-01 
 37   13        163727428 1.396e+00 
 38   13        272817267 2.308e+00 
 39   13        454593881 3.794e+00 
 40   14        757489987 6.193e+00 
