  1    1                2 1.810e-05 
  2    2                3 1.700e-06 
  3    3                5 1.600e-06 
  4    3                5 1.500e-06 
  5    4                7 1.500e-06 
  6    4                8 1.400e-06 
  7    5               10 1.500e-06 
  8    5               12 2.000e-06 
  9    5               10 2.400e-06 
 10    6               13 2.000e-06 
 11    6               15 3.600e-06 
 12    6               13 2.200e-06 
 13    7               17 2.900e-06 
 14    7               20 2.000e-06 
 15    7               20 1.700e-06 
 16    7               16 1.800e-06 
 17    8               20 1.700e-06 
 18    8               23 1.800e-06 
 19    8               24 1.700e-06 
 20    8               20 1.700e-06 
 21    9               24 3.500e-06 
 22    9               28 2.200e-06 
 23    9               29 2.200e-06 
 24    9               26 2.000e-06 
 25    9               19 1.700e-06 
 26   10               22 1.900e-06 
 27   10               24 1.700e-06 
 28   10               23 1.900e-06 
 29   10               20 1.600e-06 
 30   11               22 1.800e-06 
 31   11               24 1.700e-06 
 32   11               22 1.800e-06 
 33   12               24 1.700e-06 
 34   12               26 1.800e-06 
 35   12               24 1.600e-06 
 36   13               26 1.800e-06 
 37   13               28 3.000e-06 
 38   13               26 2.800e-06 
 39   14               28 2.000e-06 
 40   14               30 2.000e-06 
 41   14               28 2.900e-06 
 42   15               30 2.600e-06 
 43   15               32 2.700e-06 
 44   15               30 2.600e-06 
 45   16               32 2.600e-06 
 46   16               34 3.000e-06 
 47   16               32 2.200e-06 
 48   17               35 2.400e-06 
 49   17               37 2.600e-06 
 50   17               35 3.400e-06 
 55   19               37 3.500e-06 
 60   21               41 2.700e-06 
 65   23               46 2.600e-06 
 70   25               56 2.900e-06 
 75   26               60 3.000e-06 
 80   27               68 3.200e-06 
 85   28               69 3.900e-06 
 90   30               66 3.000e-06 
 95   32               70 3.900e-06 
100   35               76 2.900e-06 
110   40               87 4.200e-06 
120   43               97 3.700e-06 
130   45              108 3.900e-06 
140   47              113 3.900e-06 
150   49              117 4.100e-06 
160   52              110 3.800e-06 
170   57              121 4.000e-06 
180   60              131 4.300e-06 
190   62              146 4.600e-06 
200   64              144 3.900e-06 
220   71              149 5.500e-06 
240   78              172 4.800e-06 
260   82              177 4.300e-06 
280   90              189 3.900e-06 
300   98              210 7.000e-06 
320  102              219 3.800e-06 
340  111              239 3.900e-06 
360  116              257 4.200e-06 
380  120              271 4.400e-06 
400  129              282 4.400e-06 
420  135              303 8.300e-06 
440  140              308 7.000e-06 
460  147              320 7.300e-06 
480  153              342 1.570e-05 
500  159              345 7.800e-06 
520  167              363 1.110e-05 
540  172              392 8.500e-06 
560  178              385 8.200e-06 
580  185              405 8.600e-06 
600  189              418 8.800e-06 
620  196              425 8.900e-06 
640  204              449 9.400e-06 
660  209              456 8.100e-06 
680  214              464 7.300e-06 
700  222              483 6.900e-06 
720  226              489 9.100e-06 
740  235              508 6.400e-06 
760  240              533 6.900e-06 
780  244              540 6.900e-06 
800  253              545 6.500e-06 
820  258              570 1.240e-05 
840  262              564 9.200e-06 
860  271              581 2.090e-05 
880  276              605 8.300e-06 
900  281              603 7.600e-06 
920  290              621 1.110e-05 
940  295              646 8.000e-06 
960  303              648 8.000e-06 
980  310              669 8.100e-06 
1000  314              685 8.200e-06 
1020  321              690 8.200e-06 
1040  329              709 8.100e-06 
1060  334              720 8.200e-06 
1080  341              734 8.300e-06 
1100  348              752 8.500e-06 
1120  352              758 8.500e-06 
1140  361              777 1.120e-05 
1160  367              803 9.000e-06 
1180  372              805 9.000e-06 
1200  381              825 9.200e-06 
1220  385              837 9.100e-06 
1240  390              845 9.300e-06 
1260  400              868 9.500e-06 
1280  405              888 1.660e-05 
1300  411              892 1.340e-05 
1320  419              909 1.970e-05 
1340  424              935 1.430e-05 
1360  432              942 1.400e-05 
1380  439              964 1.410e-05 
1400  443              975 1.430e-05 
1420  450              984 1.290e-05 
1440  457             1006 1.290e-05 
1460  461             1015 1.820e-05 
1480  469             1023 1.400e-05 
1500  475             1041 1.380e-05 
1520  480             1046 1.920e-05 
1540  488             1061 2.110e-05 
1560  494             1082 1.650e-05 
1580  500             1095 1.620e-05 
1600  509             1120 2.590e-05 
1620  513             1124 1.560e-05 
1640  517             1129 1.540e-05 
1660  527             1152 1.510e-05 
1680  532             1173 1.540e-05 
1700  538             1174 1.520e-05 
1720  546             1191 1.820e-05 
1740  551             1215 1.570e-05 
1760  559             1218 1.560e-05 
1780  566             1237 1.590e-05 
1800  570             1254 1.580e-05 
1820  578             1258 1.590e-05 
1840  584             1278 2.200e-05 
1860  588             1291 1.790e-05 
1880  596             1295 1.670e-05 
1900  602             1322 1.650e-05 
1920  607             1319 1.630e-05 
1940  614             1332 1.960e-05 
1960  621             1355 1.690e-05 
1980  626             1359 2.130e-05 
2000  635             1381 1.960e-05 
2020  639             1399 1.830e-05 
2040  643             1393 1.740e-05 
2060  653             1415 1.720e-05 
2080  657             1432 1.700e-05 
2100  663             1434 1.690e-05 
2120  672             1456 1.730e-05 
2140  676             1482 1.990e-05 
2160  682             1475 1.670e-05 
2180  691             1497 1.690e-05 
2200  696             1513 1.710e-05 
2220  704             1520 1.710e-05 
2240  709             1540 1.760e-05 
2260  713             1555 1.760e-05 
2280  720             1552 1.720e-05 
2300  727             1579 1.760e-05 
2320  731             1575 1.770e-05 
2340  739             1591 1.980e-05 
2360  745             1608 1.800e-05 
2380  750             1612 1.800e-05 
2400  760             1634 1.840e-05 
2420  764             1651 1.850e-05 
2440  770             1656 1.860e-05 
2460  778             1679 1.880e-05 
2480  782             1694 1.910e-05 
2500  787             1695 1.910e-05 
2520  796             1720 1.940e-05 
2540  800             1729 1.950e-05 
2560  807             1741 2.150e-05 
2580  815             1756 1.950e-05 
2600  819             1769 1.970e-05 
2620  828             1786 1.980e-05 
2640  834             1805 2.000e-05 
2660  837             1811 2.030e-05 
2680  845             1819 2.440e-05 
2700  852             1846 2.380e-05 
2720  855             1840 2.610e-05 
2740  864             1857 2.470e-05 
2760  870             1884 2.730e-05 
2780  875             1883 2.340e-05 
2800  884             1898 2.350e-05 
2820  890             1925 2.330e-05 
2840  896             1927 2.330e-05 
2860  904             1951 2.310e-05 
2880  908             1957 2.320e-05 
2900  914             1964 2.300e-05 
2920  923             1986 2.330e-05 
2940  928             1995 2.340e-05 
2960  934             2006 2.650e-05 
2980  942             2029 2.390e-05 
3000  946             2047 2.440e-05 
3020  955             2054 2.380e-05 
3040  960             2067 2.420e-05 
3060  964             2084 2.450e-05 
3080  973             2091 2.420e-05 
3100  979             2110 3.440e-05 
3120  983             2117 2.520e-05 
3140  991             2129 2.490e-05 
3160  997             2150 2.780e-05 
3180  1002             2151 2.480e-05 
3200  1009             2164 2.560e-05 
3220  1016             2187 2.550e-05 
3240  1022             2197 2.570e-05 
3260  1030             2220 2.580e-05 
3280  1034             2227 2.590e-05 
3300  1039             2231 2.610e-05 
3320  1048             2256 2.610e-05 
3340  1052             2279 2.650e-05 
3360  1058             2269 2.860e-05 
3380  1066             2288 2.630e-05 
3400  1070             2296 2.660e-05 
3420  1077             2309 2.670e-05 
3440  1084             2327 2.720e-05 
3460  1088             2334 2.720e-05 
3480  1097             2356 2.720e-05 
3500  1102             2366 2.710e-05 
3520  1106             2384 2.770e-05 
3540  1115             2392 2.770e-05 
3560  1121             2419 3.110e-05 
3580  1126             2418 2.850e-05 
3600  1133             2429 6.850e-05 
3620  1139             2456 4.680e-05 
3640  1145             2455 2.840e-05 
3660  1153             2477 2.870e-05 
3680  1157             2508 2.910e-05 
3700  1164             2501 2.930e-05 
3720  1171             2518 2.930e-05 
3740  1176             2536 4.220e-05 
3760  1182             2538 2.950e-05 
3780  1190             2562 4.110e-05 
3800  1194             2565 3.470e-05 
3820  1200             2574 3.930e-05 
3840  1209             2599 3.100e-05 
3860  1214             2608 3.580e-05 
3880  1223             2629 3.070e-05 
3900  1228             2650 3.100e-05 
3920  1232             2658 3.140e-05 
3940  1241             2662 3.610e-05 
3960  1246             2679 3.480e-05 
3980  1250             2682 3.720e-05 
4000  1259             2703 3.430e-05 
4020  1264             2728 3.400e-05 
4040  1269             2722 3.360e-05 
4060  1276             2736 3.710e-05 
4080  1282             2758 3.560e-05 
4100  1289             2766 3.600e-05 
4120  1295             2784 3.410e-05 
4140  1299             2792 3.310e-05 
4160  1305             2801 3.310e-05 
4180  1313             2820 3.620e-05 
4200  1317             2826 3.310e-05 
4220  1324             2842 3.340e-05 
4240  1331             2860 3.340e-05 
4260  1335             2871 3.380e-05 
4280  1344             2883 3.370e-05 
4300  1349             2897 3.390e-05 
4320  1354             2901 3.430e-05 
4340  1363             2920 3.400e-05 
4360  1368             2943 3.480e-05 
4380  1372             2940 3.440e-05 
4400  1382             2962 3.730e-05 
4420  1386             2976 3.490e-05 
4440  1391             2979 3.520e-05 
4460  1400             2996 3.500e-05 
4480  1406             3023 3.550e-05 
4500  1414             3027 3.540e-05 
4520  1420             3048 3.550e-05 
4540  1424             3062 3.560e-05 
4560  1430             3059 3.560e-05 
4580  1438             3078 3.610e-05 
4600  1442             3088 3.850e-05 
4620  1450             3100 3.610e-05 
4640  1457             3123 3.640e-05 
4660  1461             3127 3.640e-05 
4680  1468             3136 3.670e-05 
4700  1475             3156 3.660e-05 
4720  1480             3162 3.680e-05 
4740  1489             3184 3.710e-05 
4760  1494             3195 3.710e-05 
4780  1498             3203 3.730e-05 
4800  1507             3223 4.030e-05 
4820  1512             3245 3.760e-05 
4840  1518             3245 3.770e-05 
4860  1526             3261 3.760e-05 
4880  1532             3283 3.810e-05 
4900  1539             3290 3.840e-05 
4920  1547             3313 3.880e-05 
4940  1551             3339 3.870e-05 
4960  1559             3334 3.900e-05 
4980  1566             3356 3.890e-05 
5000  1570             3366 4.150e-05 
5020  1576             3368 4.940e-05 
5040  1584             3392 3.940e-05 
5060  1589             3396 3.930e-05 
5080  1595             3407 3.950e-05 
5100  1603             3431 3.960e-05 
5120  1608             3441 4.010e-05 
5140  1617             3463 5.040e-05 
5160  1621             3481 4.060e-05 
5180  1625             3477 5.340e-05 
5200  1635             3499 4.420e-05 
5220  1639             3516 4.470e-05 
5240  1645             3518 4.170e-05 
5260  1654             3540 4.500e-05 
5280  1659             3555 4.210e-05 
5300  1664             3557 4.470e-05 
5320  1673             3576 4.240e-05 
5340  1677             3592 4.540e-05 
5360  1686             3608 4.290e-05 
5380  1692             3632 4.520e-05 
5400  1697             3641 4.580e-05 
5420  1704             3652 4.670e-05 
5440  1710             3670 4.350e-05 
5460  1715             3676 4.320e-05 
5480  1721             3687 4.340e-05 
5500  1728             3707 9.150e-05 
5520  1733             3714 4.420e-05 
5540  1743             3735 5.910e-05 
5560  1748             3760 4.510e-05 
5580  1753             3755 4.420e-05 
5600  1762             3777 4.800e-05 
5620  1766             3795 4.480e-05 
5640  1771             3794 4.480e-05 
5660  1780             3814 5.400e-05 
5680  1784             3827 5.110e-05 
5700  1790             3837 4.900e-05 
5720  1798             3849 4.650e-05 
5740  1803             3874 4.910e-05 
5760  1812             3883 4.770e-05 
5780  1819             3909 4.790e-05 
5800  1823             3925 4.760e-05 
5820  1829             3917 5.150e-05 
5840  1836             3937 4.790e-05 
5860  1840             3951 4.900e-05 
5880  1849             3958 4.810e-05 
5900  1855             3985 4.940e-05 
5920  1860             3982 1.087e-04 
5940  1868             3998 4.940e-05 
5960  1874             4018 4.820e-05 
5980  1879             4019 4.960e-05 
6000  1887             4040 4.860e-05 
6020  1891             4051 5.320e-05 
6040  1895             4052 4.860e-05 
6060  1904             4072 4.960e-05 
6080  1909             4095 4.910e-05 
6100  1914             4092 6.110e-05 
6120  1922             4111 4.940e-05 
6140  1927             4130 5.090e-05 
6160  1934             4132 4.930e-05 
6180  1941             4151 5.110e-05 
6200  1945             4167 4.980e-05 
6220  1953             4176 5.390e-05 
6240  1959             4202 5.040e-05 
6260  1963             4217 5.170e-05 
6280  1971             4214 5.080e-05 
6300  1977             4241 5.190e-05 
6320  1982             4245 5.080e-05 
6340  1989             4255 6.140e-05 
6360  1996             4278 5.100e-05 
6380  2001             4284 5.210e-05 
6400  2009             4307 5.180e-05 
6420  2013             4314 5.240e-05 
6440  2018             4319 5.710e-05 
6460  2027             4339 6.330e-05 
6480  2032             4365 5.240e-05 
6500  2038             4359 5.320e-05 
6520  2047             4384 5.260e-05 
6540  2051             4400 6.350e-05 
6560  2057             4397 5.240e-05 
6580  2066             4419 6.380e-05 
6600  2070             4435 5.280e-05 
6620  2078             4440 6.270e-05 
6640  2084             4457 5.940e-05 
6660  2088             4473 6.350e-05 
6680  2097             4482 5.330e-05 
6700  2103             4509 6.430e-05 
6720  2108             4505 5.340e-05 
6740  2115             4518 6.400e-05 
6760  2122             4545 5.410e-05 
6780  2127             4546 5.790e-05 
6800  2136             4566 6.410e-05 
6820  2141             4585 6.520e-05 
6840  2147             4589 5.860e-05 
6860  2155             4612 6.540e-05 
6880  2159             4629 5.540e-05 
6900  2165             4627 6.620e-05 
6920  2174             4652 5.530e-05 
6940  2178             4656 6.560e-05 
6960  2184             4668 5.570e-05 
6980  2193             4687 7.670e-05 
7000  2197             4697 5.610e-05 
7020  2207             4717 7.550e-05 
7040  2212             4738 6.050e-05 
7060  2216             4744 6.760e-05 
7080  2225             4753 5.660e-05 
7100  2231             4778 6.750e-05 
7120  2235             4774 6.100e-05 
7140  2244             4792 5.660e-05 
7160  2249             4816 1.023e-04 
7180  2254             4814 1.118e-04 
7200  2262             4828 1.249e-04 
7220  2268             4850 5.860e-05 
7240  2275             4859 6.490e-05 
7260  2282             4882 5.810e-05 
7280  2287             4892 6.480e-05 
7300  2292             4893 6.250e-05 
7320  2300             4916 6.040e-05 
7340  2304             4926 6.200e-05 
7360  2311             4933 6.090e-05 
7380  2319             4955 6.860e-05 
7400  2323             4976 6.300e-05 
7420  2332             4978 6.970e-05 
7440  2338             5003 7.030e-05 
7460  2342             5004 9.030e-05 
7480  2351             5020 1.557e-04 
7500  2356             5041 9.150e-05 
7520  2360             5044 1.030e-04 
7540  2369             5059 6.330e-05 
7560  2374             5083 6.200e-05 
7580  2379             5078 6.340e-05 
7600  2387             5093 6.340e-05 
7620  2393             5120 6.310e-05 
7640  2401             5128 7.210e-05 
7660  2408             5150 6.010e-05 
7680  2412             5159 6.020e-05 
7700  2417             5164 6.000e-05 
7720  2425             5183 6.020e-05 
7740  2429             5197 6.030e-05 
7760  2436             5202 6.060e-05 
7780  2444             5226 6.070e-05 
7800  2448             5237 7.130e-05 
7820  2454             5239 6.060e-05 
7840  2462             5260 6.060e-05 
7860  2466             5264 6.470e-05 
7880  2475             5286 6.080e-05 
7900  2480             5300 6.100e-05 
7920  2483             5304 6.130e-05 
7940  2492             5321 6.110e-05 
7960  2498             5342 6.150e-05 
7980  2503             5346 6.150e-05 
8000  2511             5359 6.140e-05 
