  1    1                2 3.560e-05 
  2    2                3 2.100e-06 
  3    3                5 1.800e-06 
  4    3                5 1.700e-06 
  5    4                7 1.800e-06 
  6    4                8 1.700e-06 
  7    5               10 1.700e-06 
  8    5               12 1.800e-06 
  9    5               10 1.800e-06 
 10    6               13 1.700e-06 
 11    6               15 2.900e-06 
 12    6               13 2.100e-06 
 13    7               17 2.200e-06 
 14    7               20 2.300e-06 
 15    7               20 2.200e-06 
 16    7               16 2.100e-06 
 17    8               20 2.200e-06 
 18    8               23 2.200e-06 
 19    8               24 2.200e-06 
 20    8               21 3.000e-06 
 21    9               25 3.300e-06 
 22    9               29 2.200e-06 
 23    9               28 2.100e-06 
 24    9               25 2.100e-06 
 25    9               19 1.800e-06 
 26   10               21 1.900e-06 
 27   10               23 1.900e-06 
 28   10               21 2.700e-06 
 29   11               23 2.300e-06 
 30   11               25 2.300e-06 
 31   11               23 2.000e-06 
 32   12               25 1.900e-06 
 33   12               27 1.900e-06 
 34   12               25 1.700e-06 
 35   13               28 1.900e-06 
 36   13               30 1.900e-06 
 37   13               28 1.600e-06 
 38   14               32 2.000e-06 
 39   14               35 3.300e-06 
 40   14               34 2.400e-06 
 41   14               30 2.300e-06 
 42   15               34 2.300e-06 
 43   15               37 2.100e-06 
 44   15               36 2.200e-06 
 45   15               32 1.800e-06 
 46   16               36 2.000e-06 
 47   16               38 2.000e-06 
 48   16               36 2.700e-06 
 49   16               32 2.000e-06 
 50   17               34 2.100e-06 
 55   19               38 3.000e-06 
 60   22               44 2.800e-06 
 65   24               51 2.200e-06 
 70   26               56 2.200e-06 
 75   27               62 2.330e-05 
 80   28               71 2.600e-06 
 85   29               75 3.100e-06 
 90   30               69 1.730e-05 
 95   32               70 3.000e-06 
100   35               76 2.600e-06 
110   40               87 4.000e-06 
120   43               97 3.200e-06 
130   45              108 3.000e-06 
140   47              113 2.800e-06 
150   49              114 2.800e-06 
160   52              112 2.700e-06 
170   57              125 2.700e-06 
180   60              136 2.800e-06 
190   62              150 3.100e-06 
200   64              152 3.100e-06 
220   71              151 5.500e-06 
240   78              168 5.200e-06 
260   82              177 5.100e-06 
280   89              187 5.100e-06 
300   97              206 5.200e-06 
320  101              211 5.500e-06 
340  110              230 1.130e-05 
360  115              246 6.000e-06 
380  120              257 6.300e-06 
400  128              271 6.500e-06 
420  133              298 7.500e-06 
440  138              292 5.400e-06 
460  146              308 7.600e-06 
480  152              330 1.220e-05 
500  158              334 6.000e-06 
520  167              356 5.800e-06 
540  171              385 8.500e-06 
560  178              375 5.200e-06 
580  185              394 8.900e-06 
600  189              412 7.500e-06 
620  195              409 6.600e-06 
640  202              432 7.700e-06 
660  206              433 9.300e-06 
680  213              447 7.800e-06 
700  221              470 7.000e-06 
720  226              478 6.800e-06 
740  235              500 9.900e-06 
760  240              514 6.500e-06 
780  243              514 6.300e-06 
800  253              537 6.600e-06 
820  258              562 1.300e-05 
840  262              553 9.100e-06 
860  272              575 8.300e-06 
880  276              592 7.700e-06 
900  281              594 7.300e-06 
920  290              613 7.600e-06 
940  294              631 7.700e-06 
960  302              638 1.230e-05 
980  309              664 8.000e-06 
1000  313              675 7.800e-06 
1020  320              677 7.900e-06 
1040  327              700 7.800e-06 
1060  331              700 7.700e-06 
1080  338              714 7.900e-06 
1100  344              734 8.000e-06 
1120  348              735 8.200e-06 
1140  358              756 8.400e-06 
1160  363              780 1.130e-05 
1180  367              774 8.400e-06 
1200  376              794 8.500e-06 
1220  381              814 9.200e-06 
1240  385              811 8.800e-06 
1260  394              830 1.500e-05 
1280  399              853 1.540e-05 
1300  404              850 1.270e-05 
1320  413              868 1.150e-05 
1340  419              890 1.150e-05 
1360  426              899 1.430e-05 
1380  432              917 1.090e-05 
1400  436              930 1.700e-05 
1420  444              940 1.400e-05 
1440  452              961 1.330e-05 
1460  456              970 1.280e-05 
1480  464              980 1.280e-05 
1500  471             1003 1.280e-05 
1520  475             1006 1.270e-05 
1540  481             1016 1.270e-05 
1560  488             1038 1.270e-05 
1580  494             1047 1.590e-05 
1600  503             1069 1.290e-05 
1620  507             1082 1.330e-05 
1640  511             1087 1.280e-05 
1660  521             1109 1.280e-05 
1680  525             1126 1.920e-05 
1700  531             1131 1.870e-05 
1720  537             1145 1.900e-05 
1740  542             1166 1.930e-05 
1760  549             1168 1.940e-05 
1780  557             1188 2.150e-05 
1800  561             1211 1.770e-05 
1820  569             1209 1.670e-05 
1840  575             1233 1.660e-05 
1860  579             1249 1.650e-05 
1880  587             1250 1.600e-05 
1900  594             1277 1.600e-05 
1920  599             1278 1.610e-05 
1940  605             1289 1.590e-05 
1960  613             1313 1.610e-05 
1980  618             1319 1.850e-05 
2000  627             1344 1.600e-05 
2020  631             1365 1.660e-05 
2040  635             1353 1.620e-05 
2060  644             1372 1.610e-05 
2080  649             1399 1.670e-05 
2100  654             1391 1.650e-05 
2120  663             1416 1.660e-05 
2140  667             1439 1.690e-05 
2160  672             1427 1.660e-05 
2180  681             1449 1.700e-05 
2200  686             1468 1.960e-05 
2220  694             1474 1.710e-05 
2240  699             1495 1.720e-05 
2260  703             1507 1.740e-05 
2280  710             1507 1.750e-05 
2300  717             1530 1.780e-05 
2320  721             1532 1.760e-05 
2340  729             1545 1.760e-05 
2360  736             1568 1.780e-05 
2380  741             1571 1.780e-05 
2400  750             1591 2.060e-05 
2420  754             1604 1.820e-05 
2440  760             1612 1.840e-05 
2460  768             1636 1.850e-05 
2480  772             1651 1.890e-05 
2500  778             1653 1.880e-05 
2520  787             1675 1.900e-05 
2540  791             1691 1.940e-05 
2560  796             1690 1.920e-05 
2580  804             1712 1.950e-05 
2600  808             1731 2.000e-05 
2620  818             1739 2.200e-05 
2640  823             1755 1.990e-05 
2660  827             1762 1.990e-05 
2680  835             1774 2.000e-05 
2700  841             1801 2.070e-05 
2720  845             1795 2.040e-05 
2740  854             1813 2.060e-05 
2760  859             1838 2.090e-05 
2780  863             1838 2.080e-05 
2800  871             1848 2.110e-05 
2820  877             1875 2.360e-05 
2840  884             1880 2.140e-05 
2860  892             1901 2.190e-05 
2880  896             1913 2.190e-05 
2900  901             1919 2.240e-05 
2920  910             1944 2.300e-05 
2940  914             1955 3.110e-05 
2960  919             1955 2.610e-05 
2980  928             1977 2.500e-05 
3000  933             1992 2.420e-05 
3020  941             2002 3.700e-05 
3040  947             2020 2.350e-05 
3060  951             2033 2.420e-05 
3080  960             2044 2.330e-05 
3100  965             2065 2.370e-05 
3120  969             2083 2.390e-05 
3140  977             2078 2.340e-05 
3160  983             2105 3.260e-05 
3180  988             2105 3.200e-05 
3200  995             2114 3.180e-05 
3220  1002             2134 3.590e-05 
3240  1009             2146 3.250e-05 
3260  1017             2170 3.310e-05 
3280  1021             2188 3.330e-05 
3300  1026             2180 2.980e-05 
3320  1035             2205 2.860e-05 
3340  1039             2233 2.910e-05 
3360  1046             2220 2.780e-05 
3380  1053             2237 2.790e-05 
3400  1057             2244 2.800e-05 
3420  1064             2256 2.780e-05 
3440  1072             2279 3.190e-05 
3460  1076             2288 2.800e-05 
3480  1085             2301 2.790e-05 
3500  1089             2309 2.780e-05 
3520  1094             2334 3.560e-05 
3540  1103             2342 3.130e-05 
3560  1109             2369 3.040e-05 
3580  1114             2368 2.940e-05 
3600  1122             2383 2.940e-05 
3620  1128             2410 2.970e-05 
3640  1134             2408 3.240e-05 
3660  1142             2428 2.940e-05 
3680  1147             2451 2.950e-05 
3700  1153             2448 2.950e-05 
3720  1160             2470 2.940e-05 
3740  1164             2485 2.970e-05 
3760  1170             2482 2.970e-05 
3780  1178             2503 3.790e-05 
3800  1182             2512 2.960e-05 
3820  1188             2521 2.980e-05 
3840  1197             2546 3.260e-05 
3860  1201             2560 3.040e-05 
3880  1210             2569 3.010e-05 
3900  1215             2590 3.030e-05 
3920  1219             2598 3.080e-05 
3940  1228             2603 3.060e-05 
3960  1233             2620 3.070e-05 
3980  1237             2621 3.210e-05 
4000  1247             2644 3.150e-05 
4020  1252             2669 3.150e-05 
4040  1257             2663 3.140e-05 
4060  1266             2681 3.400e-05 
4080  1271             2706 3.170e-05 
4100  1278             2705 3.120e-05 
4120  1285             2727 3.170e-05 
4140  1289             2743 3.180e-05 
4160  1295             2743 3.180e-05 
4180  1303             2764 3.210e-05 
4200  1307             2768 3.210e-05 
4220  1313             2782 3.210e-05 
4240  1320             2800 3.250e-05 
4260  1324             2811 3.540e-05 
4280  1332             2819 3.260e-05 
4300  1338             2845 3.300e-05 
4320  1342             2844 3.290e-05 
4340  1351             2863 3.290e-05 
4360  1356             2886 3.330e-05 
4380  1360             2891 3.410e-05 
4400  1369             2902 4.310e-05 
4420  1374             2925 3.340e-05 
4440  1380             2929 3.420e-05 
4460  1387             2940 3.630e-05 
4480  1393             2967 3.460e-05 
4500  1401             2974 3.460e-05 
4520  1408             2996 3.480e-05 
4540  1412             3005 3.460e-05 
4560  1418             3012 3.530e-05 
4580  1426             3033 3.520e-05 
4600  1430             3046 3.550e-05 
4620  1437             3051 3.540e-05 
4640  1444             3078 3.570e-05 
4660  1448             3075 3.570e-05 
4680  1455             3089 3.810e-05 
4700  1462             3112 3.610e-05 
4720  1467             3115 3.610e-05 
4740  1476             3137 4.640e-05 
4760  1481             3147 3.620e-05 
4780  1485             3158 3.660e-05 
4800  1494             3173 3.650e-05 
4820  1499             3200 3.740e-05 
4840  1505             3196 3.720e-05 
4860  1514             3214 4.200e-05 
4880  1519             3239 4.670e-05 
4900  1525             3236 4.700e-05 
4920  1533             3259 4.680e-05 
4940  1537             3288 4.750e-05 
4960  1544             3275 4.750e-05 
4980  1551             3297 4.690e-05 
5000  1555             3313 4.810e-05 
5020  1562             3315 4.770e-05 
5040  1569             3338 4.300e-05 
5060  1574             3344 4.710e-05 
5080  1581             3355 5.120e-05 
5100  1588             3372 4.830e-05 
5120  1594             3386 4.830e-05 
5140  1603             3406 4.880e-05 
5160  1608             3431 4.880e-05 
5180  1612             3428 4.930e-05 
5200  1621             3447 4.930e-05 
5220  1626             3474 4.970e-05 
5240  1631             3466 4.460e-05 
5260  1640             3486 4.330e-05 
5280  1645             3512 4.560e-05 
5300  1650             3511 4.200e-05 
5320  1658             3524 4.180e-05 
5340  1662             3539 4.160e-05 
5360  1670             3547 4.140e-05 
5380  1676             3570 4.170e-05 
5400  1681             3580 4.180e-05 
5420  1687             3582 4.180e-05 
5440  1695             3606 4.180e-05 
5460  1699             3609 4.170e-05 
5480  1706             3620 4.450e-05 
5500  1713             3640 4.200e-05 
5520  1718             3647 4.230e-05 
5540  1727             3666 4.250e-05 
5560  1733             3688 4.280e-05 
5580  1738             3693 5.280e-05 
5600  1746             3716 4.290e-05 
5620  1750             3731 4.340e-05 
5640  1755             3728 4.310e-05 
5660  1764             3750 4.330e-05 
5680  1769             3762 4.320e-05 
5700  1774             3773 4.610e-05 
5720  1782             3786 4.360e-05 
5740  1787             3809 4.390e-05 
5760  1795             3814 4.410e-05 
5780  1801             3839 4.400e-05 
5800  1805             3849 4.410e-05 
5820  1812             3847 4.430e-05 
5840  1819             3870 4.420e-05 
5860  1823             3876 5.390e-05 
5880  1832             3888 4.490e-05 
5900  1838             3915 4.860e-05 
5920  1843             3912 4.500e-05 
5940  1851             3930 5.500e-05 
5960  1856             3944 4.520e-05 
5980  1862             3954 5.550e-05 
6000  1870             3977 4.810e-05 
6020  1875             3988 4.770e-05 
6040  1879             3994 5.220e-05 
6060  1889             4016 5.100e-05 
6080  1893             4026 5.030e-05 
6100  1900             4039 5.450e-05 
6120  1908             4055 5.060e-05 
6140  1913             4080 5.090e-05 
6160  1921             4081 5.070e-05 
6180  1926             4096 5.070e-05 
6200  1930             4115 5.100e-05 
6220  1938             4117 5.100e-05 
6240  1944             4143 5.130e-05 
6260  1948             4150 5.140e-05 
6280  1956             4153 5.140e-05 
6300  1962             4180 7.740e-05 
6320  1967             4181 4.890e-05 
6340  1974             4192 4.840e-05 
6360  1981             4212 4.960e-05 
6380  1987             4224 4.860e-05 
6400  1995             4243 5.950e-05 
6420  2000             4259 5.970e-05 
6440  2005             4262 5.970e-05 
6460  2014             4284 6.010e-05 
6480  2018             4311 6.080e-05 
6500  2024             4300 6.000e-05 
6520  2033             4325 6.590e-05 
6540  2037             4341 5.090e-05 
6560  2043             4339 5.100e-05 
6580  2052             4359 5.670e-05 
6600  2057             4377 7.110e-05 
6620  2066             4392 6.290e-05 
6640  2070             4400 7.270e-05 
6660  2075             4426 7.100e-05 
6680  2082             4423 6.950e-05 
6700  2088             4450 7.690e-05 
6720  2093             4448 6.160e-05 
6740  2101             4461 5.370e-05 
6760  2107             4479 5.360e-05 
6780  2112             4483 5.370e-05 
6800  2121             4503 5.350e-05 
6820  2125             4521 5.420e-05 
6840  2130             4520 5.330e-05 
6860  2138             4539 5.380e-05 
6880  2143             4557 5.370e-05 
6900  2149             4563 5.450e-05 
6920  2158             4585 5.870e-05 
6940  2162             4591 5.480e-05 
6960  2169             4604 5.460e-05 
6980  2178             4626 5.500e-05 
7000  2183             4637 5.500e-05 
7020  2192             4656 5.530e-05 
7040  2197             4679 5.530e-05 
7060  2201             4685 6.490e-05 
7080  2209             4690 6.580e-05 
7100  2215             4717 6.640e-05 
7120  2219             4712 6.940e-05 
7140  2228             4729 7.210e-05 
7160  2234             4751 6.560e-05 
7180  2239             4754 6.020e-05 
7200  2247             4768 5.830e-05 
7220  2253             4794 5.840e-05 
7240  2260             4797 5.810e-05 
7260  2267             4820 5.780e-05 
7280  2272             4830 5.800e-05 
7300  2277             4834 5.770e-05 
7320  2286             4859 6.200e-05 
7340  2290             4867 5.780e-05 
7360  2296             4873 7.000e-05 
7380  2304             4891 5.780e-05 
7400  2309             4912 5.810e-05 
7420  2317             4915 5.780e-05 
7440  2323             4940 5.790e-05 
7460  2326             4934 6.440e-05 
7480  2336             4957 5.830e-05 
7500  2341             4978 5.880e-05 
7520  2345             4985 5.870e-05 
7540  2354             4992 7.450e-05 
7560  2359             5017 5.850e-05 
7580  2364             5015 5.850e-05 
7600  2372             5028 5.890e-05 
7620  2379             5055 5.890e-05 
7640  2386             5061 7.190e-05 
7660  2393             5083 5.920e-05 
7680  2397             5092 5.950e-05 
7700  2403             5099 5.910e-05 
7720  2410             5122 6.510e-05 
7740  2414             5137 6.020e-05 
7760  2421             5135 6.000e-05 
7780  2429             5156 6.010e-05 
7800  2433             5160 6.020e-05 
7820  2440             5173 6.030e-05 
7840  2448             5196 6.060e-05 
7860  2452             5199 6.030e-05 
7880  2461             5219 6.070e-05 
7900  2466             5234 6.070e-05 
7920  2470             5246 6.140e-05 
7940  2480             5260 6.420e-05 
7960  2485             5283 6.150e-05 
7980  2490             5282 6.100e-05 
8000  2498             5296 6.150e-05 
