  1   1                2 3.000e-06 
  2   2                3 1.400e-06 
  3   3                5 1.300e-06 
  4   3                8 1.400e-06 
  5   4               13 1.700e-06 
  6   4               19 1.500e-06 
  7   5               27 1.600e-06 
  8   5               37 1.700e-06 
  9   5               50 2.000e-06 
 10   6               65 2.100e-06 
 11   6               82 3.400e-06 
 12   6              103 2.400e-06 
 13   7              127 2.500e-06 
 14   7              153 2.700e-06 
 15   7              184 3.200e-06 
 16   7              218 3.500e-06 
 17   8              256 3.600e-06 
 18   8              297 4.600e-06 
 19   8              344 4.300e-06 
 20   8              389 5.300e-06 
 21   9              437 1.020e-05 
 22   9              488 8.100e-06 
 23   9              543 8.200e-06 
 24   9              590 8.700e-06 
 25   9              639 8.900e-06 
 26  10              690 9.400e-06 
 27  10              742 1.020e-05 
 28  10              798 1.030e-05 
 29  10              856 1.050e-05 
 30  11              915 1.070e-05 
 31  11              976 1.140e-05 
 32  11             1040 1.170e-05 
 33  12             1105 1.220e-05 
 34  12             1172 1.270e-05 
 35  12             1242 1.340e-05 
 36  13             1313 1.360e-05 
 37  13             1386 1.450e-05 
 38  13             1462 1.510e-05 
 39  14             1539 1.560e-05 
 40  14             1618 1.660e-05 
 41  14             1700 4.060e-05 
 42  15             1783 1.850e-05 
 43  15             1868 1.860e-05 
 44  15             1956 1.950e-05 
 45  16             2045 2.280e-05 
 46  16             2136 2.350e-05 
 47  16             2257 3.860e-05 
 48  17             2380 2.590e-05 
 49  17             2505 4.110e-05 
 50  17             2634 4.390e-05 
 51  18             2766 2.920e-05 
 52  18             2869 2.770e-05 
 53  18             2942 3.110e-05 
 54  18             3016 3.170e-05 
 55  19             3091 4.440e-05 
 60  21             3478 4.690e-05 
 65  23             4090 5.240e-05 
 70  25             4953 5.910e-05 
 75  26             6094 7.050e-05 
 80  27             7492 8.300e-05 
 85  28             8818 9.580e-05 
 90  30             9532 1.059e-04 
 95  32            10159 1.092e-04 
100  35            10812 1.250e-04 
110  40            12398 1.279e-04 
120  43            15551 1.518e-04 
130  45            19548 1.900e-04 
140  47            24345 2.353e-04 
150  49            28855 2.921e-04 
160  52            31287 3.029e-04 
170  57            34185 3.319e-04 
180  60            39297 3.862e-04 
190  62            46466 4.461e-04 
200  64            53224 5.420e-04 
220  71            60552 6.257e-04 
240  78            71767 6.866e-04 
260  82            87801 8.474e-04 
280  90            97590 9.495e-04 
300  98           110000 1.056e-03 
320 102           128661 1.247e-03 
340 111           139882 1.356e-03 
360 116           161524 1.534e-03 
380 120           187505 1.789e-03 
400 129           198725 1.879e-03 
420 135           225587 2.175e-03 
440 140           244354 2.357e-03 
460 147           260625 2.488e-03 
480 153           290944 2.749e-03 
500 159           311235 2.971e-03 
520 167           331395 3.192e-03 
540 172           372552 3.541e-03 
560 178           392454 3.786e-03 
580 185           420424 4.054e-03 
600 189           465286 4.472e-03 
620 196           488225 4.719e-03 
640 204           517914 4.886e-03 
660 209           555027 5.289e-03 
680 214           585265 5.498e-03 
700 222           613615 5.764e-03 
720 226           658509 6.267e-03 
740 235           683030 6.474e-03 
760 240           734610 6.913e-03 
780 244           788252 7.543e-03 
800 253           812155 7.698e-03 
