  1   1                2 1.280e-05 
  2   2                3 1.100e-06 
  3   3                5 1.000e-06 
  4   3                8 1.100e-06 
  5   4               10 1.500e-06 
  6   4               13 1.500e-06 
  7   5               16 1.500e-06 
  8   5               19 1.500e-06 
  9   5               22 1.400e-06 
 10   6               26 1.400e-06 
 11   6               29 2.600e-06 
 12   6               33 2.200e-06 
 13   7               37 2.300e-06 
 14   7               40 2.400e-06 
 15   7               45 2.400e-06 
 16   7               50 2.600e-06 
 17   8               54 2.200e-06 
 18   8               58 2.100e-06 
 19   8               61 2.100e-06 
 20   8               66 2.200e-06 
 21   9               70 4.000e-06 
 22   9               73 2.700e-06 
 23   9               74 2.600e-06 
 24   9               77 2.500e-06 
 25   9               79 2.500e-06 
 26  10               81 2.600e-06 
 27  10               81 2.400e-06 
 28  10               82 2.400e-06 
 29  11               85 2.400e-06 
 30  11               87 2.300e-06 
 31  11               90 2.200e-06 
 32  12               93 2.200e-06 
 33  12               96 2.300e-06 
 34  12              100 2.500e-06 
 35  13              104 3.900e-06 
 36  13              107 4.000e-06 
 37  13              111 4.100e-06 
 38  14              115 4.100e-06 
 39  14              118 4.200e-06 
 40  14              122 3.400e-06 
 41  14              126 3.000e-06 
 42  15              130 2.800e-06 
 43  15              134 2.900e-06 
 44  15              136 2.700e-06 
 45  15              140 2.600e-06 
 46  16              143 2.500e-06 
 47  16              145 2.600e-06 
 48  16              145 2.700e-06 
 49  16              147 2.800e-06 
 50  17              148 2.800e-06 
 51  17              149 6.000e-06 
 52  18              149 4.200e-06 
 53  18              151 3.800e-06 
 54  19              153 3.600e-06 
 55  19              155 3.800e-06 
 60  22              165 3.500e-06 
 65  24              178 3.700e-06 
 70  26              196 4.200e-06 
 75  27              217 4.600e-06 
 80  28              239 5.100e-06 
 85  29              260 5.400e-06 
 90  30              268 6.000e-06 
 95  32              272 5.500e-06 
100  35              280 5.300e-06 
110  40              303 8.400e-06 
120  43              343 8.200e-06 
130  45              381 9.600e-06 
140  47              417 1.020e-05 
150  49              442 1.080e-05 
160  52              451 8.800e-06 
170  57              474 8.100e-06 
180  60              513 8.200e-06 
190  62              558 8.600e-06 
200  64              592 9.000e-06 
220  71              620 1.400e-05 
240  78              685 1.500e-05 
260  82              762 1.620e-05 
280  89              790 1.600e-05 
300  97              848 1.750e-05 
320 101              913 1.990e-05 
340 110              951 1.520e-05 
360 115             1023 1.580e-05 
380 120             1100 1.630e-05 
400 128             1131 1.530e-05 
420 133             1217 2.540e-05 
440 138             1256 2.210e-05 
460 146             1305 2.050e-05 
480 152             1390 2.120e-05 
500 158             1429 2.480e-05 
520 167             1485 2.150e-05 
540 171             1577 2.310e-05 
560 178             1601 2.270e-05 
580 185             1668 2.340e-05 
600 189             1750 2.460e-05 
620 195             1780 2.460e-05 
640 202             1843 2.550e-05 
660 206             1898 3.890e-05 
680 213             1950 2.730e-05 
700 221             2005 2.800e-05 
720 226             2069 2.940e-05 
740 235             2115 2.940e-05 
760 240             2195 3.070e-05 
780 243             2261 3.240e-05 
800 253             2294 3.190e-05 
