  1   1                2 2.320e-05 
  2   2                3 1.200e-06 
  3   3                5 1.100e-06 
  4   3                8 1.400e-06 
  5   4               10 1.300e-06 
  6   4               13 1.690e-05 
  7   5               16 1.700e-06 
  8   5               19 1.700e-06 
  9   5               22 1.800e-06 
 10   6               26 1.800e-06 
 11   6               29 3.000e-06 
 12   6               33 2.300e-06 
 13   7               37 2.300e-06 
 14   7               40 2.000e-06 
 15   7               45 2.000e-06 
 16   7               50 2.000e-06 
 17   8               54 2.700e-06 
 18   8               58 2.500e-06 
 19   8               61 2.200e-06 
 20   8               65 2.200e-06 
 21   9               68 3.700e-06 
 22   9               71 3.000e-06 
 23   9               73 3.000e-06 
 24   9               76 2.900e-06 
 25   9               78 2.800e-06 
 26  10               80 2.800e-06 
 27  10               80 2.700e-06 
 28  10               81 2.800e-06 
 29  10               84 2.500e-06 
 30  11               86 2.400e-06 
 31  11               88 2.400e-06 
 32  11               89 2.300e-06 
 33  12               92 2.400e-06 
 34  12               94 2.500e-06 
 35  12               97 2.500e-06 
 36  13              100 2.400e-06 
 37  13              102 2.300e-06 
 38  13              105 2.200e-06 
 39  14              108 2.200e-06 
 40  14              110 2.300e-06 
 41  14              113 2.300e-06 
 42  15              116 2.400e-06 
 43  15              118 2.200e-06 
 44  15              121 2.300e-06 
 45  16              124 2.300e-06 
 46  16              126 2.400e-06 
 47  16              130 4.800e-06 
 48  17              134 3.600e-06 
 49  17              137 3.300e-06 
 50  17              141 4.400e-06 
 51  18              145 4.900e-06 
 52  18              147 3.700e-06 
 53  18              149 3.300e-06 
 54  18              151 3.100e-06 
 55  19              152 2.900e-06 
 60  21              159 3.000e-06 
 65  23              174 3.000e-06 
 70  25              192 3.400e-06 
 75  26              213 3.600e-06 
 80  27              238 4.200e-06 
 85  28              256 4.500e-06 
 90  30              259 4.900e-06 
 95  32              266 4.700e-06 
100  35              272 4.300e-06 
110  40              295 7.500e-06 
120  43              335 8.200e-06 
130  45              373 8.900e-06 
140  47              412 8.300e-06 
150  49              441 8.100e-06 
160  52              447 7.300e-06 
170  57              473 6.800e-06 
180  60              513 7.000e-06 
190  62              560 7.600e-06 
200  64              596 8.700e-06 
220  71              624 1.390e-05 
240  78              690 1.470e-05 
260  82              755 1.660e-05 
280  90              798 1.610e-05 
300  98              858 2.230e-05 
320 102              920 1.650e-05 
340 111              963 1.450e-05 
360 116             1034 1.540e-05 
380 120             1107 1.590e-05 
400 129             1136 1.570e-05 
420 135             1221 2.600e-05 
440 140             1259 2.230e-05 
460 147             1306 2.570e-05 
480 153             1389 2.230e-05 
500 159             1423 2.200e-05 
520 167             1479 2.280e-05 
540 172             1570 2.460e-05 
560 178             1596 2.350e-05 
580 185             1662 2.450e-05 
600 189             1744 2.590e-05 
620 196             1772 2.810e-05 
640 204             1837 2.670e-05 
660 209             1895 2.740e-05 
680 214             1946 2.790e-05 
700 222             2003 3.710e-05 
720 226             2070 4.930e-05 
740 235             2107 3.840e-05 
760 240             2191 4.010e-05 
780 244             2255 4.150e-05 
800 253             2284 3.970e-05 
